    sepal_length sepal_width petal_length petal_width species
1            5.1         3.5          1.4         0.2      NA
2            4.9         3.0          1.4         0.2      NA
3            4.7         3.2          1.3         0.2      NA
4            4.6         3.1          1.5         0.2      NA
5            5.0         3.6          1.4         0.2      NA
6            5.4         3.9          1.7         0.4      NA
7            4.6         3.4          1.4         0.3      NA
8            5.0         3.4          1.5         0.2      NA
9            4.4         2.9          1.4         0.2      NA
10           4.9         3.1          1.5         0.1      NA
11           5.4         3.7          1.5         0.2      NA
12           4.8         3.4          1.6         0.2      NA
13           4.8         3.0          1.4         0.1      NA
14           4.3         3.0          1.1         0.1      NA
15           5.8         4.0          1.2         0.2      NA
16           5.7         4.4          1.5         0.4      NA
17           5.4         3.9          1.3         0.4      NA
18           5.1         3.5          1.4         0.3      NA
19           5.7         3.8          1.7         0.3      NA
20           5.1         3.8          1.5         0.3      NA
21           5.4         3.4          1.7         0.2      NA
22           5.1         3.7          1.5         0.4      NA
23           4.6         3.6          1.0         0.2      NA
24           5.1         3.3          1.7         0.5      NA
25           4.8         3.4          1.9         0.2      NA
26           5.0         3.0          1.6         0.2      NA
27           5.0         3.4          1.6         0.4      NA
28           5.2         3.5          1.5         0.2      NA
29           5.2         3.4          1.4         0.2      NA
30           4.7         3.2          1.6         0.2      NA
31           4.8         3.1          1.6         0.2      NA
32           5.4         3.4          1.5         0.4      NA
33           5.2         4.1          1.5         0.1      NA
34           5.5         4.2          1.4         0.2      NA
35           4.9         3.1          1.5         0.1      NA
36           5.0         3.2          1.2         0.2      NA
37           5.5         3.5          1.3         0.2      NA
38           4.9         3.1          1.5         0.1      NA
39           4.4         3.0          1.3         0.2      NA
40           5.1         3.4          1.5         0.2      NA
41           5.0         3.5          1.3         0.3      NA
42           4.5         2.3          1.3         0.3      NA
43           4.4         3.2          1.3         0.2      NA
44           5.0         3.5          1.6         0.6      NA
45           5.1         3.8          1.9         0.4      NA
46           4.8         3.0          1.4         0.3      NA
47           5.1         3.8          1.6         0.2      NA
48           4.6         3.2          1.4         0.2      NA
49           5.3         3.7          1.5         0.2      NA
50           5.0         3.3          1.4         0.2      NA
51           7.0         3.2          4.7         1.4      NA
52           6.4         3.2          4.5         1.5      NA
53           6.9         3.1          4.9         1.5      NA
54           5.5         2.3          4.0         1.3      NA
55           6.5         2.8          4.6         1.5      NA
56           5.7         2.8          4.5         1.3      NA
57           6.3         3.3          4.7         1.6      NA
58           4.9         2.4          3.3         1.0      NA
59           6.6         2.9          4.6         1.3      NA
60           5.2         2.7          3.9         1.4      NA
61           5.0         2.0          3.5         1.0      NA
62           5.9         3.0          4.2         1.5      NA
63           6.0         2.2          4.0         1.0      NA
64           6.1         2.9          4.7         1.4      NA
65           5.6         2.9          3.6         1.3      NA
66           6.7         3.1          4.4         1.4      NA
67           5.6         3.0          4.5         1.5      NA
68           5.8         2.7          4.1         1.0      NA
69           6.2         2.2          4.5         1.5      NA
70           5.6         2.5          3.9         1.1      NA
71           5.9         3.2          4.8         1.8      NA
72           6.1         2.8          4.0         1.3      NA
73           6.3         2.5          4.9         1.5      NA
74           6.1         2.8          4.7         1.2      NA
75           6.4         2.9          4.3         1.3      NA
76           6.6         3.0          4.4         1.4      NA
77           6.8         2.8          4.8         1.4      NA
78           6.7         3.0          5.0         1.7      NA
79           6.0         2.9          4.5         1.5      NA
80           5.7         2.6          3.5         1.0      NA
81           5.5         2.4          3.8         1.1      NA
82           5.5         2.4          3.7         1.0      NA
83           5.8         2.7          3.9         1.2      NA
84           6.0         2.7          5.1         1.6      NA
85           5.4         3.0          4.5         1.5      NA
86           6.0         3.4          4.5         1.6      NA
87           6.7         3.1          4.7         1.5      NA
88           6.3         2.3          4.4         1.3      NA
89           5.6         3.0          4.1         1.3      NA
90           5.5         2.5          4.0         1.3      NA
91           5.5         2.6          4.4         1.2      NA
92           6.1         3.0          4.6         1.4      NA
93           5.8         2.6          4.0         1.2      NA
94           5.0         2.3          3.3         1.0      NA
95           5.6         2.7          4.2         1.3      NA
96           5.7         3.0          4.2         1.2      NA
97           5.7         2.9          4.2         1.3      NA
98           6.2         2.9          4.3         1.3      NA
99           5.1         2.5          3.0         1.1      NA
100          5.7         2.8          4.1         1.3      NA
101          6.3         3.3          6.0         2.5      NA
102          5.8         2.7          5.1         1.9      NA
103          7.1         3.0          5.9         2.1      NA
104          6.3         2.9          5.6         1.8      NA
105          6.5         3.0          5.8         2.2      NA
106          7.6         3.0          6.6         2.1      NA
107          4.9         2.5          4.5         1.7      NA
108          7.3         2.9          6.3         1.8      NA
109          6.7         2.5          5.8         1.8      NA
110          7.2         3.6          6.1         2.5      NA
111          6.5         3.2          5.1         2.0      NA
112          6.4         2.7          5.3         1.9      NA
113          6.8         3.0          5.5         2.1      NA
114          5.7         2.5          5.0         2.0      NA
115          5.8         2.8          5.1         2.4      NA
116          6.4         3.2          5.3         2.3      NA
117          6.5         3.0          5.5         1.8      NA
118          7.7         3.8          6.7         2.2      NA
119          7.7         2.6          6.9         2.3      NA
120          6.0         2.2          5.0         1.5      NA
121          6.9         3.2          5.7         2.3      NA
122          5.6         2.8          4.9         2.0      NA
123          7.7         2.8          6.7         2.0      NA
124          6.3         2.7          4.9         1.8      NA
125          6.7         3.3          5.7         2.1      NA
126          7.2         3.2          6.0         1.8      NA
127          6.2         2.8          4.8         1.8      NA
128          6.1         3.0          4.9         1.8      NA
129          6.4         2.8          5.6         2.1      NA
130          7.2         3.0          5.8         1.6      NA
131          7.4         2.8          6.1         1.9      NA
132          7.9         3.8          6.4         2.0      NA
133          6.4         2.8          5.6         2.2      NA
134          6.3         2.8          5.1         1.5      NA
135          6.1         2.6          5.6         1.4      NA
136          7.7         3.0          6.1         2.3      NA
137          6.3         3.4          5.6         2.4      NA
138          6.4         3.1          5.5         1.8      NA
139          6.0         3.0          4.8         1.8      NA
140          6.9         3.1          5.4         2.1      NA
141          6.7         3.1          5.6         2.4      NA
142          6.9         3.1          5.1         2.3      NA
143          5.8         2.7          5.1         1.9      NA
144          6.8         3.2          5.9         2.3      NA
145          6.7         3.3          5.7         2.5      NA
146          6.7         3.0          5.2         2.3      NA
147          6.3         2.5          5.0         1.9      NA
148          6.5         3.0          5.2         2.0      NA
149          6.2         3.4          5.4         2.3      NA
150          5.9         3.0          5.1         1.8      NA
